342 645 25 20
124 968 28 19
680 765 26 20
832 699 12 15
4 746 29 14
926 115 19 17
662 587 28 12
532 568 27 23
860 23 16 21
530 562 12 27
15 254 10 27
375 611 18 10
357 389 22 23
483 392 14 16
426 705 17 13
273 918 23 28
873 722 13 13
429 749 12 25
701 937 14 11
89 231 23 26
704 220 10 27
481 847 21 24
9 378 14 19
682 442 10 21
242 63 21 23
748 871 20 13
784 338 25 25
966 669 20 20
589 833 22 25
489 489 16 24
976 478 4 4
739 826 13 15
783 753 21 17
433 367 22 11
32 841 10 20
258 497 26 28
632 776 18 25
517 389 20 14
446 740 19 26
667 455 15 14
664 252 25 26
227 45 29 21
127 138 29 27
466 308 19 17
356 134 12 19
609 640 28 24
677 228 16 27
149 610 10 28
863 498 21 28
913 511 12 27
748 761 24 11
802 288 10 22
26 442 29 20
85 464 20 21
262 944 21 18
876 753 15 10
105 199 23 19
335 848 23 24
467 537 24 22
552 217 14 13
534 820 10 19
261 579 25 13
541 445 19 17
869 769 28 11
447 668 25 26
42 734 18 16
553 233 13 13
47 861 12 16
33 834 21 14
240 174 29 13
611 362 24 14
899 371 21 21
340 5 23 23
69 246 14 18
432 558 11 10
737 175 27 20
623 365 15 22
666 453 26 28
368 774 25 10
923 879 18 16
37 315 16 23
119 279 18 26
928 850 20 18
896 902 18 16
332 590 28 13
902 815 27 21
215 508 19 12
981 57 10 15
706 393 21 24
975 369 10 11
635 845 29 18
831 543 15 16
296 865 19 10
889 189 24 19
59 749 11 22
739 946 24 27
536 759 27 29
982 234 17 11
639 615 26 25
867 397 26 29
881 784 19 19
215 912 22 28
127 336 10 15
313 729 15 12
695 74 17 28
748 187 11 16
809 2 16 27
891 192 17 18
72 920 16 20
41 967 22 28
91 733 22 20
464 641 13 13
464 860 17 10
623 106 13 28
358 85 24 21
774 944 19 28
752 587 11 20
635 103 25 11
498 36 17 11
227 659 15 13
924 553 13 13
775 297 23 24
479 866 10 11
387 798 11 28
526 847 19 27
747 861 11 25
789 652 14 10
419 7 17 13
356 142 26 10
436 239 14 27
555 710 14 23
871 447 13 27
473 730 14 14
558 170 16 18
888 882 29 25
834 147 24 18
721 467 28 12
223 105 28 26
285 326 28 23
584 300 3 6
710 754 23 21
283 892 21 14
448 894 18 3
380 479 16 15
703 57 16 20
692 448 24 11
926 350 20 26
167 528 25 12
444 722 28 21
166 183 15 18
546 472 29 18
532 900 12 22
215 490 29 20
678 458 25 23
601 462 24 11
484 514 12 11
863 763 10 18
653 452 16 23
464 302 13 21
868 65 21 18
227 824 20 11
111 629 29 19
55 554 27 21
0 757 21 17
418 861 13 16
932 903 12 16
429 772 11 14
706 805 11 23
487 24 26 15
806 900 16 16
580 719 24 22
458 481 20 17
343 488 18 11
734 342 12 27
320 439 4 3
446 635 26 25
552 683 11 23
181 168 26 24
851 583 27 28
879 363 10 11
884 139 11 21
912 88 24 27
52 35 22 18
657 705 11 14
370 777 11 17
801 354 21 24
773 546 16 20
888 322 19 11
807 788 27 13
465 956 19 29
369 770 13 21
311 137 12 14
148 150 19 29
389 613 28 25
429 373 10 25
892 148 20 15
890 271 11 19
58 861 18 19
449 255 9 5
257 887 27 15
383 616 20 18
663 657 18 21
331 648 25 13
509 53 10 28
86 287 15 20
753 190 20 20
922 527 19 12
132 948 20 26
883 786 15 21
117 592 27 15
960 611 13 22
829 769 14 19
669 686 17 13
276 787 27 10
619 909 18 22
418 209 21 25
231 831 27 18
336 538 22 18
180 783 14 23
609 263 22 10
360 982 21 16
775 813 14 26
906 198 10 24
937 144 28 28
475 903 24 12
887 149 11 16
927 259 20 25
71 862 29 26
136 954 26 17
721 827 15 13
769 931 21 25
728 119 13 28
654 942 13 27
434 737 18 13
672 331 27 20
816 17 25 21
251 781 28 20
342 209 16 10
581 434 23 22
782 100 14 11
878 831 14 12
667 233 19 28
237 650 28 24
425 738 11 15
936 470 23 23
68 321 21 19
356 539 27 29
945 353 18 23
906 933 22 28
360 812 10 29
884 774 17 27
413 769 23 20
594 75 21 15
676 702 15 11
233 529 27 25
173 236 15 17
907 949 16 13
809 570 24 10
67 678 29 22
176 951 25 18
754 625 10 18
142 270 26 29
558 673 24 19
224 27 24 14
725 829 7 6
703 941 9 3
880 864 28 27
727 445 25 24
747 520 17 15
850 410 26 21
363 964 10 16
752 721 23 16
295 351 26 20
899 877 26 16
95 804 20 28
543 866 20 16
917 887 19 27
449 474 16 22
673 459 28 23
971 786 13 17
42 176 21 18
531 886 15 13
679 438 15 22
161 659 19 25
838 148 15 23
496 732 26 14
482 256 19 26
389 941 27 25
352 255 23 15
825 688 25 24
894 313 23 20
906 553 21 17
293 130 21 13
549 80 25 18
85 871 20 10
876 734 20 24
831 935 14 17
618 819 23 20
750 70 24 14
749 711 22 17
555 801 17 12
544 64 28 21
114 413 21 22
215 526 13 21
147 31 25 12
679 427 18 17
634 930 23 24
41 419 21 28
892 162 18 24
812 886 19 14
440 700 28 13
586 832 28 21
255 687 13 22
945 879 22 16
480 731 18 11
738 731 15 10
528 621 11 16
243 787 28 26
512 493 22 13
762 692 27 11
316 57 12 14
410 860 17 12
772 591 14 24
813 221 13 11
161 271 12 14
520 597 26 19
577 129 25 20
448 31 10 15
594 33 16 27
170 498 25 19
882 833 6 4
190 548 12 26
639 879 28 25
473 817 19 26
543 458 11 23
676 657 26 25
786 353 28 17
873 508 14 17
208 782 17 27
392 542 10 26
672 650 29 23
446 637 20 18
534 58 16 15
696 760 23 17
265 767 18 15
105 750 12 16
731 438 28 10
535 833 24 21
72 531 18 28
640 734 27 21
156 265 15 16
227 299 24 22
552 492 11 29
605 95 14 20
665 490 11 25
456 289 25 12
876 516 13 18
26 163 20 28
228 769 19 11
766 766 16 12
167 654 13 28
728 185 20 25
321 340 23 20
327 175 18 14
83 860 10 19
361 177 20 24
282 505 18 16
780 44 29 28
854 406 15 25
142 928 10 19
114 594 11 20
775 78 26 24
264 791 28 12
789 217 24 20
931 559 19 22
523 549 22 20
744 356 23 24
630 746 25 11
339 201 11 28
777 698 25 14
198 933 29 21
222 919 27 25
356 648 16 19
237 915 10 12
10 864 17 26
494 808 29 23
440 547 24 25
688 247 10 16
95 580 16 19
374 8 12 27
287 332 20 26
453 940 24 22
344 878 10 22
541 277 16 18
965 360 24 12
280 878 21 20
680 384 25 19
670 76 12 12
540 457 18 20
524 406 17 16
625 272 25 22
100 906 26 12
281 871 7 10
275 849 21 26
357 559 13 13
918 753 25 21
270 837 25 17
780 84 20 20
503 893 11 13
154 609 12 23
871 739 21 22
529 698 27 27
376 844 14 23
498 876 13 21
893 958 15 27
635 498 20 20
571 884 24 21
336 586 24 24
0 206 29 16
655 64 24 11
436 648 28 16
952 593 17 11
643 6 17 18
224 166 29 11
818 905 15 14
18 863 18 11
497 902 15 10
564 545 16 29
657 446 18 20
245 25 17 11
936 346 23 24
127 152 24 19
563 928 19 27
684 407 27 13
737 584 15 15
644 837 16 14
702 978 20 15
422 65 11 16
121 142 13 20
68 437 19 16
121 382 24 28
805 910 29 14
795 432 21 20
269 735 25 22
226 877 11 17
550 450 29 18
606 726 14 25
46 546 10 19
320 95 11 25
935 419 12 15
453 862 13 16
315 500 23 12
181 127 17 18
243 907 19 13
263 960 29 22
509 159 14 17
486 810 23 21
560 945 25 13
6 400 24 28
368 783 17 23
75 792 26 29
543 395 22 23
47 464 19 10
342 494 27 24
911 861 19 25
94 272 23 23
420 516 15 26
146 233 20 27
201 907 10 23
446 887 23 16
468 702 14 27
799 865 23 25
451 242 27 20
915 801 28 27
471 445 23 16
381 751 26 28
903 539 23 21
621 280 13 26
658 132 27 19
136 639 22 26
24 185 22 23
732 779 25 25
760 858 20 22
24 408 26 19
457 627 20 16
353 284 20 10
920 899 10 3
436 694 11 17
849 162 17 16
786 236 27 20
709 245 11 28
462 389 13 17
738 88 27 21
111 617 24 24
896 764 11 23
473 321 23 16
589 67 17 16
183 298 18 17
557 675 10 11
875 298 21 17
128 420 18 25
158 17 27 26
966 380 13 29
571 449 15 28
968 404 12 27
722 350 10 24
247 595 17 25
65 734 22 21
411 715 25 12
123 742 15 12
439 687 19 12
829 932 12 13
893 146 23 19
861 131 15 23
551 85 20 7
957 437 22 17
777 65 22 24
638 851 24 21
116 492 12 29
187 785 3 18
791 56 17 27
406 108 28 28
695 252 21 16
498 247 24 17
301 235 19 27
14 173 13 10
116 587 11 29
170 247 18 22
714 745 20 23
682 474 27 19
838 605 23 22
684 330 20 18
754 852 27 25
885 197 24 26
97 256 16 18
604 669 20 19
612 14 18 29
278 738 8 14
102 976 13 15
50 860 16 12
574 411 16 22
124 894 26 20
848 521 25 25
271 287 25 27
253 656 21 16
547 979 18 11
444 332 12 26
106 753 15 16
886 615 14 15
549 216 27 24
481 720 23 13
505 7 17 22
539 106 28 27
395 174 24 12
547 490 10 22
950 79 21 12
529 817 12 23
40 270 19 24
556 127 25 14
407 39 16 26
130 852 29 14
144 368 27 22
980 174 18 22
285 98 16 24
648 686 16 26
361 487 21 16
471 380 23 14
167 331 23 25
768 773 14 16
328 13 29 15
444 697 14 17
215 301 27 27
238 207 23 14
252 346 21 20
910 272 11 18
751 833 18 13
781 221 10 17
538 775 14 26
982 705 11 21
205 805 25 27
948 713 21 12
647 249 11 20
841 156 19 21
401 835 13 28
637 819 24 12
286 241 19 23
661 878 15 24
115 774 19 14
353 655 22 14
838 616 25 23
573 395 28 27
321 67 26 13
371 931 17 19
765 719 24 10
595 574 21 21
346 497 10 16
67 869 16 19
133 284 10 25
464 174 20 25
613 82 29 28
98 519 27 12
896 934 14 17
645 205 23 23
810 96 9 15
91 464 14 23
798 67 18 21
560 243 27 20
486 52 14 12
623 174 11 20
203 404 10 14
927 293 12 10
457 860 26 14
690 648 13 15
673 615 23 22
399 718 16 14
309 695 23 17
881 450 10 24
879 295 12 29
914 865 5 4
692 653 28 26
468 183 19 11
487 258 13 25
458 724 13 16
793 416 28 23
804 843 28 13
345 711 15 20
679 461 28 23
652 655 20 20
330 343 12 13
919 801 16 11
974 473 10 28
112 537 11 18
680 494 23 25
307 283 16 28
904 314 11 25
718 778 12 22
30 550 23 25
146 964 14 18
167 242 28 19
228 443 17 15
914 547 10 15
931 708 23 23
105 180 16 10
455 283 14 16
491 723 28 17
618 6 17 27
635 361 24 25
883 585 26 16
131 346 17 26
78 25 22 12
611 643 28 22
647 114 15 23
229 550 21 28
190 124 15 14
903 330 13 16
750 722 20 19
26 456 25 13
414 283 16 16
940 221 28 25
585 932 20 18
96 398 20 17
371 915 12 19
819 706 22 25
347 500 15 9
275 85 24 10
435 743 26 26
535 568 22 20
46 389 17 25
584 880 24 18
630 266 18 18
431 377 26 14
559 677 4 3
701 439 16 14
829 446 20 11
555 565 20 13
917 846 14 17
593 676 18 16
542 798 20 19
6 372 24 29
578 809 24 24
64 522 11 4
591 896 13 26
932 572 11 25
867 131 27 19
495 889 23 22
367 827 21 13
232 45 18 28
704 711 11 27
309 517 23 13
429 199 17 11
717 52 20 15
912 877 27 25
447 764 16 11
799 769 28 22
361 912 27 26
891 829 10 28
233 895 20 23
806 276 16 13
377 966 21 18
792 875 20 22
255 807 18 19
634 238 15 26
492 519 13 24
953 632 19 26
684 587 10 17
391 424 16 17
654 158 14 27
118 638 23 11
302 282 17 13
662 54 14 19
909 835 14 23
558 971 18 11
90 774 11 28
745 346 15 11
488 860 22 14
848 568 26 23
6 625 28 25
34 388 15 18
965 778 23 24
103 500 20 18
506 222 29 17
226 197 24 25
129 939 15 25
140 644 11 18
905 904 20 25
423 276 13 12
62 511 17 24
932 814 19 26
9 810 11 26
32 624 16 20
967 236 28 18
616 948 27 12
714 733 15 17
277 783 25 24
482 675 16 12
862 11 19 26
667 668 27 15
131 406 13 28
707 788 26 27
859 505 21 21
968 785 4 6
813 939 11 27
611 781 28 17
298 82 28 27
352 828 16 27
920 831 20 23
967 694 19 29
370 50 25 18
545 724 13 16
102 391 13 22
904 122 22 19
118 439 23 10
793 859 23 27
722 798 27 29
97 774 24 10
326 707 26 14
559 909 28 14
33 822 29 21
508 227 24 7
115 427 26 16
665 766 27 25
303 847 19 28
157 535 19 12
968 680 18 10
668 464 20 9
114 534 27 10
841 609 17 21
972 671 20 13
490 506 27 18
0 407 13 26
626 219 11 14
174 512 12 24
162 251 10 18
612 206 11 25
97 517 11 10
31 916 11 17
261 148 17 16
815 577 26 24
545 521 29 23
842 800 25 23
391 437 23 20
333 886 20 14
109 171 11 14
344 483 28 16
581 195 15 24
608 372 12 13
740 279 14 18
653 626 27 22
308 182 24 20
899 219 16 12
515 556 21 11
171 0 18 29
204 304 27 14
488 289 25 25
479 382 14 18
626 889 25 11
604 948 16 10
182 277 21 18
623 205 24 20
720 654 11 25
731 103 26 17
829 581 14 25
431 738 17 29
524 620 15 12
512 539 23 23
829 943 29 18
93 176 13 26
883 796 12 12
214 543 28 16
518 231 15 14
213 502 21 20
255 598 10 22
352 477 24 16
664 653 15 20
741 338 28 26
361 174 25 22
101 582 14 27
237 103 13 12
814 157 20 17
182 216 28 21
194 282 17 18
247 657 20 14
0 647 14 29
899 959 12 23
151 90 20 20
341 562 25 22
895 137 28 18
853 703 16 11
8 934 11 17
395 528 28 13
874 122 13 28
605 187 19 17
684 219 24 24
382 885 13 21
751 858 19 21
518 38 11 27
812 383 21 28
904 886 21 19
356 751 25 24
586 554 28 20
98 582 10 25
438 552 11 21
231 601 20 20
906 176 11 21
237 52 12 23
81 19 15 21
600 731 19 14
553 43 10 22
703 825 14 21
193 283 10 26
73 407 22 26
226 602 25 21
515 223 26 15
95 363 28 13
927 2 28 22
457 470 16 13
67 23 24 14
435 244 10 16
640 450 29 22
385 778 16 23
734 157 23 25
516 727 11 15
488 733 16 12
83 719 19 21
530 287 15 15
729 671 24 16
240 320 26 18
311 583 13 24
224 956 10 13
662 482 17 14
533 896 12 17
844 440 10 26
104 625 16 11
632 431 25 17
735 292 22 24
74 625 22 24
752 738 24 25
599 594 18 10
220 951 15 26
339 67 14 19
856 704 15 22
829 158 10 13
823 838 27 11
368 952 10 15
32 281 23 28
700 84 11 26
800 342 23 9
392 728 18 10
488 802 22 26
206 785 18 25
411 294 24 11
566 932 24 10
529 409 15 17
477 549 24 24
816 957 14 22
256 719 23 20
860 304 15 16
881 268 27 10
470 387 17 10
173 25 24 13
144 28 26 16
685 372 14 23
695 681 22 14
748 874 29 22
897 765 18 17
880 756 24 12
627 112 24 18
655 479 16 11
392 560 15 16
61 740 23 20
696 232 11 20
452 30 11 24
581 289 16 23
786 561 16 19
774 346 23 28
537 171 25 11
326 723 11 27
224 914 17 16
906 176 25 18
878 572 27 25
391 561 19 27
715 976 19 12
275 748 23 19
381 802 10 14
940 217 24 23
741 53 27 15
104 445 16 18
519 127 27 20
445 598 23 21
126 601 29 13
658 225 24 19
920 952 26 23
110 776 16 14
896 945 24 14
733 125 11 17
849 555 23 17
376 546 24 18
153 930 24 24
470 855 22 21
45 321 27 10
773 553 26 14
749 180 12 14
736 631 28 26
737 871 11 14
447 253 14 11
825 628 27 26
749 435 11 20
919 271 10 14
556 558 10 14
258 595 14 28
324 858 12 15
54 735 24 20
718 354 25 10
954 20 22 17
625 176 15 28
828 374 26 14
946 677 29 25
94 678 12 26
657 251 16 22
537 124 26 14
893 609 14 11
131 596 12 13
436 44 18 17
359 651 18 21
427 288 29 14
521 545 13 22
558 231 17 28
179 334 26 28
801 166 20 29
542 41 25 27
545 606 24 29
278 868 20 17
46 956 16 25
62 784 26 15
346 55 13 26
772 213 22 28
581 146 29 17
283 845 16 13
961 683 19 13
968 686 25 17
637 18 29 22
558 932 24 10
376 193 26 10
884 430 15 10
317 13 21 18
568 56 28 13
661 718 25 15
715 672 20 20
861 782 17 26
455 852 12 25
889 802 17 11
879 106 25 23
867 347 15 21
924 422 18 10
814 942 18 29
84 858 12 22
581 427 28 24
247 182 27 21
971 182 23 21
978 776 11 17
1 786 13 26
977 224 20 25
576 413 12 12
892 182 23 11
680 350 26 15
489 881 21 15
900 891 21 17
591 883 12 22
826 602 14 24
366 486 23 22
711 115 19 19
707 116 27 10
826 817 27 19
315 770 14 11
296 676 21 26
713 373 19 18
7 925 28 26
821 893 26 19
679 85 28 11
2 802 27 12
335 491 27 22
299 337 12 21
804 708 20 18
903 888 26 19
264 744 29 26
813 823 18 29
757 36 12 18
589 217 14 29
761 553 16 15
632 430 10 13
855 795 28 27
93 625 15 26
139 934 19 20
561 850 12 17
834 159 23 13
479 845 29 16
767 935 10 29
506 816 18 17
670 548 25 22
415 58 14 27
943 188 12 26
7 381 22 17
674 568 12 17
410 2 12 10
685 688 13 23
609 566 18 10
484 48 29 22
676 659 27 14
0 812 12 28
282 572 20 23
898 860 17 25
892 949 14 20
580 906 14 16
65 234 20 19
856 479 10 24
475 143 13 13
822 556 14 27
970 678 22 16
488 191 19 10
843 298 23 10
686 225 17 12
224 784 24 19
104 978 6 10
809 756 29 23
851 756 28 21
144 943 13 26
491 667 10 27
383 574 29 19
525 485 13 11
494 721 21 14
670 473 16 16
923 103 20 23
425 367 27 11
975 667 18 23
607 94 16 25
29 617 10 14
741 763 27 15
907 281 24 21
527 545 21 24
751 599 26 28
129 945 10 28
545 718 17 21
833 143 14 23
678 337 13 22
450 473 10 20
883 388 17 28
865 314 16 21
861 408 20 22
582 264 15 26
612 913 10 11
868 575 11 15
854 596 14 18
551 232 22 24
675 898 24 10
70 425 12 16
325 763 29 19
907 855 16 21
770 817 11 25
370 788 20 22
883 426 22 13
718 42 10 23
670 568 19 28
556 702 23 27
224 245 17 19
861 50 18 25
840 622 21 16
827 711 13 21
211 46 12 16
243 918 19 19
855 323 17 14
409 758 27 24
337 193 26 24
272 288 12 26
197 340 22 21
950 574 16 21
311 508 27 13
798 339 29 17
892 173 10 15
779 604 11 12
225 818 13 15
784 25 19 11
88 25 25 27
246 755 25 28
239 175 26 24
398 547 18 23
756 193 29 25
96 680 4 20
916 826 20 12
457 578 29 29
91 576 23 27
618 39 29 18
621 960 25 21
275 936 14 27
130 144 29 16
400 747 15 29
619 221 20 15
734 169 17 11
359 635 18 16
244 349 29 22
202 270 14 29
461 556 29 28
503 155 24 21
857 610 18 15
660 592 29 27
218 446 12 13
149 850 28 14
564 679 16 11
709 112 28 22
465 713 17 19
36 827 17 21
755 284 14 29
313 74 12 28
371 863 25 26
908 817 10 28
561 136 17 13
449 55 25 14
229 617 18 11
841 529 23 27
946 219 4 17
255 612 15 28
617 908 28 23
830 821 10 15
936 168 15 27
275 84 11 24
182 337 22 18
722 642 17 19
120 542 20 22
377 916 20 26
407 724 25 10
380 470 23 27
235 732 28 15
485 445 19 21
8 248 11 10
96 594 28 10
417 110 13 17
316 128 15 28
895 164 11 10
720 148 28 22
932 807 13 25
615 487 23 12
291 846 21 21
931 467 13 21
766 736 27 13
345 728 19 12
781 161 17 27
262 891 15 25
219 755 12 20
681 109 23 11
941 959 29 16
800 13 23 25
51 902 28 24
261 704 18 12
63 438 20 17
428 339 22 23
732 860 18 25
132 750 23 12
771 59 26 18
19 322 24 17
558 119 11 22
213 33 13 14
746 843 13 12
607 223 15 25
744 185 13 16
896 863 14 11
781 653 20 16
519 411 14 10
587 708 27 14
353 41 29 16
555 555 14 11
408 553 25 22
639 190 27 29
149 88 12 27
988 44 10 20
617 812 26 19
308 435 25 12
629 405 11 29
732 761 11 25
802 229 16 17
302 310 28 26
918 368 16 10
66 423 12 16
917 267 23 28
601 956 3 10
653 919 14 24
144 271 20 16
508 421 27 15
519 505 18 11
530 385 12 13
665 446 18 16
520 399 19 25
637 653 22 29
583 956 14 11
484 567 23 21
216 301 17 12
691 507 12 17
854 476 12 11
64 49 11 16
863 564 16 10
360 381 16 17
925 888 10 18
665 330 12 18
228 601 16 13
574 908 17 13
597 953 14 20
954 866 17 19
791 870 14 12
667 476 13 28
662 488 10 12
497 34 10 27
110 132 22 24
177 93 4 11
721 114 10 20
476 376 21 27
384 888 6 14
698 514 16 26
779 308 16 11
701 777 26 22
933 733 15 26
934 70 24 26
72 787 22 27
449 652 18 15
425 558 16 22
622 445 15 16
157 175 20 23
887 212 21 21
514 490 16 20
368 488 4 6
797 41 18 27
91 685 22 23
277 115 27 28
297 360 27 20
195 559 3 11
719 686 23 10
397 818 29 15
487 267 27 10
711 388 20 18
309 496 27 27
414 173 29 11
857 568 12 18
165 155 19 28
656 714 12 26
255 921 3 12
276 163 12 14
634 812 16 29
340 248 23 23
193 268 12 10
383 629 21 26
933 297 8 16
613 167 13 25
852 118 15 25
661 343 11 20
827 119 14 28
636 46 27 11
629 202 11 15
361 286 18 23
539 925 10 26
489 869 15 18
415 45 26 17
94 358 20 17
413 552 13 17
529 918 16 24
400 808 10 21
940 370 21 27
813 185 29 14
95 28 24 11
249 327 24 16
760 926 26 12
732 957 13 12
582 910 13 13
0 162 17 20
747 594 10 11
712 513 20 23
489 795 26 29
474 335 11 11
928 854 27 16
7 377 14 23
923 373 20 22
411 954 16 11
9 935 20 14
887 848 26 10
404 860 11 11
475 281 24 22
710 774 21 22
794 158 17 24
513 797 25 28
707 755 26 26
53 33 29 24
506 184 13 26
829 145 20 10
891 774 16 12
807 597 26 27
375 313 16 25
918 895 16 11
884 128 24 23
340 833 25 24
202 485 26 10
279 681 21 10
199 913 19 14
537 813 26 29
89 723 10 24
286 935 22 27
347 72 22 25
805 893 11 28
917 81 18 11
630 949 21 16
526 905 22 17
908 578 17 15
235 237 10 25
224 798 20 23
759 525 24 27
738 299 25 16
224 888 25 14
319 601 28 26
212 397 11 25
102 538 21 28
457 251 14 17
931 293 13 24
808 93 14 22
593 814 12 23
468 131 10 21
593 251 15 15
362 16 20 19
862 511 14 11
671 626 17 16
473 697 16 14
368 329 28 18
925 194 24 29
875 511 12 12
967 411 25 27
89 411 15 18
307 943 12 28
119 13 29 16
806 710 15 11
544 534 13 18
672 698 14 17
645 848 23 20
889 954 25 13
378 24 12 14
542 442 22 15
42 454 18 28
175 91 11 22
840 533 12 21
792 736 24 27
731 713 17 27
614 449 22 20